LH=64 LW=64 IH=512 IW=512
z_shape=[1, 16, 64, 64] img_shape=[1, 3, 512, 512]
img_mean=-0.004241 img_std=0.507203 min=-1.859869 max=1.686338
