LH=128 LW=128 IH=1024 IW=1024
z_shape=[1, 16, 128, 128] img_shape=[1, 3, 1024, 1024]
img_mean=-0.002737 img_std=0.506246 min=-1.776158 max=1.658809
